Iteration: 1
X,F(X),R,C,M,F'(X)
0111010100,98,0.7,0111010100,0111010100,98
0111010001,55,0.18,0111010001,0111000001,55
0111010000,55,0.32,0111010100,0111010100,98
0111000101,63,0.33,0111010100,0111010100,98
Iteration: 2
X,F(X),R,C,M,F'(X)
0111010100,98,0.54,0111010100,0111010100,98
0111000001,55,0.3,0111010100,0111010100,98
0111010100,98,0.43,0111010100,0111010100,98
0111010100,98,0.39,0111010100,0111010100,98
Iteration: 3
X,F(X),R,C,M,F'(X)
0111010100,98,0.19,0111010100,0110010100,59
0111010100,98,0.06,0111010100,0111010000,55
0111010100,98,0.26,0111010100,0111010100,98
0111010100,98,0.36,0111010100,0111010100,98
Iteration: 4
X,F(X),R,C,M,F'(X)
0110010100,59,0.69,0111010100,0111010100,98
0111010000,55,0.4,0111010100,0111010100,98
0111010100,98,0.75,0111010100,0111010100,98
0111010100,98,0.01,0111010100,0111010101,63
Iteration: 5
X,F(X),R,C,M,F'(X)
0111010100,98,0.53,0111010100,0111010100,98
0111010100,98,0.94,0111010100,0111010100,98
0111010100,98,0.19,0111010100,0110010100,59
0111010101,63,0.71,0111010100,0111010100,98
Iteration: 6
X,F(X),R,C,M,F'(X)
0111010100,98,0.69,0111010100,0111010100,98
0111010100,98,0.5,0111010100,0111010100,98
0110010100,59,0.34,0111010100,0111010100,98
0111010100,98,0.27,0111010100,0111010100,98
